AL 9 804,283 690,080 183,109 1,688,060
AK 3 102,000 78,294 73,481 258,506
AZ 8 572,086 543,050 .353,741 1,486,975
AR 6 337,324 505,823 99,132 950,653
CA 54 3,630,574 5,121,325 2,296,006 11,131,721
co 8 562,850 629,681 366,010 1,569,180
CT 8 578,313 682,318 348' 771. 1,616,332
DE 3 102,313 126,055 59,213 289,735
DC 3 20,698 192,619 9,681 227,572
FL 25 2,173,310 2 '072' 798 1,053,067 5, 314,492
GA 13 995,252 1,008,966 309,657 2,321,125
HI 4 136,822 179,310 53,003 372,842
ID 4 202,645 137,013 130,395 482,142
IL 22 1,734,096 2,453,350 840,515 5,050,157
IN 12 989,375 848,420 455,934 2,305,871
IA 7 504,891 586,353 253,468 1,354,607
KS 6 449,951 390,434 312,358 1,157,236
KY 8 617,178 665,104 203,944 1,492,900
LA 9 733,386 815,971 211,478 1,790,017
ME 4 206,504 263,420 206,820 679,499
MD 10 707,094 988,571 281,414 1,985,046
MA 12 805,039 1,318,639 630,731 2' 773' 664
MI 18 1,554,940 1,871,182 824,813 4,274,673
MN 10 747,841 1,020,997 562,506 2,347,947
MS 7 487,793 400,258 85,626 981,793
MO 11 811,159 1,053,873 518,741 2,391,565
MT 3 144,207 154,507 107,225 410,611
NE 5 344,346 217,344 174,687 739,283
NV 4 175,828 189,148 132,580 506,318
NH 4 202,484 209,040 121,337 537,945
NJ 15 1,356,865 1,436,206 521,829 3,343,594
NM 5 212,824 261,617 91,895 569,986
NY 33 2,346,649 3,444,450 1,090,721 6,926,933
NC 14 1,134,661 1, 114,042 357,864 2' 611' 850
ND 3 136,244 99,168 71,084 308,133
OH 21 1,894,310 1,984,942 1,036,426 4,939,964
OK 8 592,929 473,066 319,878 1,390,359
OR 7 475,757 621,314 354,091 1,462,643
PA 23 1,791,841 2,239,164 902,667 4,959,810
RI 4 131,605 213,302 105;051 453,478
sc 8 577,507 479,514 138,872 1,202,527
SD 3 136,718 124,888 73,295 336,254
TN 11 841,300 933,521 199,968 1,982,638
TX 32 2,496,071 2,281,815 1,354,781 6,154,018
UT 5 322,632 183,429 203,400 743,999
VT 3 88,122 133,592 65,991 289,701
VA 13 1,150,517 1,038,650 348,639 2,558,665
WA 11 731,235 993,039 541,801 2,288,228
wv 5 241,974 331,001 108,829 683' 711
WI 11 930,855 1,041,066 544,479 2,531,114
WY 3 79,347 68,160 51,263 200,587
Total: 168 370 39,104,545 44,909,889 19,742,267 104,426,659 